
 1) EXPLORACION DE LOS DATOS:

Categorización por sexo: (0 = Mujeres, 1 = Hombres): 
0    357
1    354
Name: sex, dtype: int64

Categorización por fumadores: (0 = No, 1 = Sí): 
0    571
1    140
Name: smoker, dtype: int64

Categorización por región: 0 NE, 1 NW, 2 SE, 3 SW: 
2    206
0    175
3    168
1    162
Name: region, dtype: int64

Categorización por cantidad de hijos: 
0    312
1    168
2    129
3     81
4     13
5      8
Name: children, dtype: int64

Exploración descriptiva de los datos cuantitativos: 
              age         sex         bmi  ...      smoker      region       charges
count  711.000000  711.000000  711.000000  ...  711.000000  711.000000  7.110000e+02
mean    39.631505    0.497890   31.002841  ...    0.196906    1.516174  5.040429e+08
std     14.343741    0.500348    6.003320  ...    0.397940    1.102854  1.000085e+09
min     18.000000    0.000000   15.960000  ...    0.000000    0.000000  2.302300e+04
25%     27.000000    0.000000   26.820000  ...    0.000000    1.000000  1.621764e+07
50%     40.000000    0.000000   30.800000  ...    0.000000    2.000000  8.606217e+07
75%     52.000000    1.000000   35.175000  ...    0.000000    2.000000  4.049635e+08
max     64.000000    1.000000   49.060000  ...    1.000000    3.000000  7.323735e+09

[8 rows x 7 columns]

 2) MATRIZ DE CORRELACION


 Correlación lineal de los datos: 
            age    sex    bmi  children  smoker  region  charges
age       1.000 -0.044  0.130     0.069   0.006  -0.025    0.165
sex      -0.044  1.000  0.006     0.012   0.101   0.006   -0.004
bmi       0.130  0.006  1.000     0.048  -0.005   0.131    0.081
children  0.069  0.012  0.048     1.000   0.006  -0.001    0.023
smoker    0.006  0.101 -0.005     0.006   1.000   0.018    0.232
region   -0.025  0.006  0.131    -0.001   0.018   1.000   -0.268
charges   0.165 -0.004  0.081     0.023   0.232  -0.268    1.000

4) ANOVA:

